2020110600.json
{"header": {"discipline":0,"disciplineName":"Meteorological products","gribEdition":2,"gribLength":78005,"center":7,"centerName":"US National Weather Service - NCEP(WMC)","subcenter":0,"refTime":"2020-11-06T00:00:00.000Z","significanceOfRT":1,"significanceOfRTName":"Start of forecast","productStatus":0,"productStatusName":"Operational products","productType":1,"productTypeName":"Forecast products","productDefinitionTemplate":0,"productDefinitionTemplateName":"Analysis/forecast at horizontal level/layer at a point in time","parameterCategory":2,"parameterCategoryName":"Momentum","parameterNumber":2,"parameterNumberName":"U-component_of_wind","parameterUnit":"m.s-1","genProcessType":2,"genProcessTypeName":"Forecast","forecastTime":0,"surface1Type":103,"surface1TypeName":"Specified height level above ground","surface1Value":10.0,"surface2Type":255,"surface2TypeName":"Missing","surface2Value":0.0,"gridDefinitionTemplate":0,"gridDefinitionTemplateName":"Latitude_Longitude","numberPoints":65160,"shape":6,"shapeName":"Earth spherical with radius of 6,371,229.0 m","gridUnits":"degrees","resolution":48,"winds":"true","scanMode":0,"nx":360,"ny":181,"basicAngle":0,"lo1":0.0,"la1":90.0,"lo2":359.0,"la2":-90.0,"dx":1.0,"dy":1.0}, "data":
[rows 104 to 129 of 181, columns 0 to 56 of 360]
-5.2238426,-4.9538426,-4.713843,-4.6238427,-3.8038428,-2.1638427,-1.0438428,-0.47384277,-0.15384278,0.49615723,0.36615723,0.26615724,1.4361572,1.0661572,0.24615723,1.1861572,1.4161572,2.0661573,0.61615723,-0.0038427734,0.53615725,1.1361573,-0.20384277,1.5461572,1.6861572,0.7661572,1.0261573,-0.8038428,-0.9738428,-1.4838427,-0.70384276,-1.8838428,-1.8138428,-1.9638427,-1.5538428,-0.6138428,-0.123842776,-1.7538428,-2.0038428,-2.4638429,-0.9138428,-1.4638427,-0.26384276,0.41615722,-0.6638428,-1.6138427,-1.7338427,-1.2238427,-0.7238428,-1.6738428,1.0861572,-6.193843,-6.8338428,-6.773843,-6.253843,-7.363843,-7.153843
-5.1638427,-5.4738426,-5.0838428,-5.0338426,-4.3538427,-3.5138428,-2.3938427,-0.89384276,-1.1638428,-0.47384277,0.49615723,0.16615723,2.1061573,0.39615723,1.7861573,1.5361573,1.5961572,2.0961573,1.8561572,1.1161572,1.6761572,1.6961572,1.1161572,-0.5338428,1.6161572,-0.6738428,-0.76384276,-1.1538428,-0.6138428,0.086157225,-1.3738427,-1.6738428,-0.23384278,0.3861572,-0.8038428,0.34615722,-1.3238428,-1.1738428,-0.59384274,-1.2938428,-0.94384277,-0.25384277,0.79615724,0.15615723,-0.57384276,0.18615723,0.18615723,-4.003843,-0.6838428,-2.2938428,0.54615724,-5.9938426,-7.523843,-7.403843,-7.4338427,-6.673843,-7.043843
-5.193843,-4.563843,-4.693843,-4.443843,-4.293843,-3.443843,-2.8638427,-1.7838428,-1.7138427,-1.6038427,-0.9138428,0.7561572,2.3861573,0.9461572,2.8161573,1.4261572,3.3661573,2.0761573,-0.27384278,0.3561572,1.5761572,0.53615725,0.25615722,1.0061573,1.1661572,-0.31384277,-0.5338428,-0.31384277,-1.8338428,-0.41384277,-1.9038428,-1.3538427,-1.1938428,-0.6638428,-1.6338428,-2.2938428,-0.94384277,-0.17384277,-1.1238427,-2.3138428,-0.6238428,-0.22384277,0.3261572,0.46615723,0.6361572,1.9061573,-1.0338428,-2.4238427,-2.5938427,-1.9738427,-7.173843,-8.643843,-8.253842,-7.8538427,-7.4138427,-7.113843,-6.6238427
-4.4338427,-4.6038427,-4.383843,-3.943843,-3.9238427,-3.5838428,-2.6638427,-2.0838428,-1.9438428,-2.3138428,-2.4238427,-0.65384275,0.6461572,1.7761573,1.5661572,1.5161573,1.4261572,2.8461573,-0.6038428,-1.2938428,1.6261573,0.97615725,0.55615723,-1.9538428,0.8161572,0.42615724,-1.9638427,0.7161572,1.0961572,-1.2138427,-1.0438428,-0.59384274,-0.5638428,-0.38384277,-1.7238427,-1.9138428,-2.0238428,-1.3138428,-2.2138429,-3.8738427,-3.5238428,-1.7938428,-0.8638428,-0.30384278,-0.29384276,0.54615724,-3.0938427,-1.3138428,-2.8838427,0.28615722,-7.153843,-8.143843,-8.233843,-7.3738427,-7.2438426,-7.213843,-6.8038425
-3.7038429,-3.8938427,-3.8438427,-3.9338427,-3.8038428,-3.6538427,-3.1638427,-2.7238429,-2.5838428,-3.0538428,-3.6638427,-3.3638427,-2.2238429,0.24615723,4.846157,0.7061572,1.0861572,1.6261573,1.7961572,2.0961573,0.6961572,2.0861573,-0.5438428,-0.18384278,-0.3638428,-0.5538428,-1.1838428,-0.023842774,-0.23384278,-3.0338428,-0.83384275,-1.4638427,0.61615723,0.15615723,-0.8738428,-0.08384278,-1.4138428,-3.7638428,-7.5838428,-5.813843,-3.6338427,-2.4038427,-2.4738429,-1.1538428,-1.0938427,-0.0038427734,-2.7838428,-1.5838428,-3.3738427,0.86615723,-7.693843,-7.8038425,-6.9538426,-6.8738427,-6.923843,-6.903843,-6.3538427
-3.0038428,-3.3038428,-2.8638427,-3.9138427,-3.3338428,-4.0538425,-3.8338428,-3.4338427,-3.1138427,-3.5438428,-4.503843,-4.3338428,-3.4838428,-0.5338428,1.6361573,2.1761572,1.2461572,1.3661572,1.7561573,1.7361572,1.0861572,0.55615723,1.1261573,0.15615723,-0.9938428,-0.6638428,-0.7238428,-1.8338428,-1.8938428,-3.7338428,-3.5138428,-0.9838428,-1.0338428,-1.2838428,0.49615723,1.7761573,-3.5938427,-7.253843,-6.7438426,-5.343843,-4.793843,-2.1538427,-2.2238429,-1.6338428,-1.8938428,0.80615723,-1.0638428,-2.2538428,-1.1038427,0.17615722,-6.4338427,-7.4138427,-6.503843,-6.943843,-6.5538425,-7.0838428,-7.5538425
-2.4938428,-2.7838428,-2.0638428,-3.193843,-2.9638429,-3.1338427,-3.5238428,-3.4938428,-3.5038428,-3.943843,-4.043843,-4.043843,-3.6538427,-1.9638427,-0.21384278,1.0061573,2.1261573,2.3261573,2.2361572,1.9961572,2.5861573,1.5461572,0.44615722,0.116157226,-1.1438428,-2.2038429,-1.8238428,-2.3138428,-2.7238429,-1.6938428,-3.1638427,-1.2238427,1.4461572,-1.0138428,-0.6038428,0.46615723,-4.313843,-7.5838428,-6.0338426,-4.883843,-4.293843,-2.7738428,-1.2438427,-2.1238427,-0.05384277,0.97615725,0.07615723,-1.0738428,-0.6738428,-5.8538427,-5.523843,-6.3538427,-5.903843,-5.383843,-6.923843,-7.6038427,-6.3738427
-2.0438428,-2.0238428,-2.4138427,-2.0738428,-2.0238428,-2.1138427,-2.3438427,-3.2238429,-3.4938428,-3.7438428,-3.6638427,-4.003843,-4.0838428,-2.8938427,0.49615723,0.24615723,-1.4538428,1.9161572,0.33615723,2.2861571,3.9161572,2.9761572,2.3761573,0.9961572,0.37615722,-1.0038428,-0.95384276,-1.5738428,-1.5438428,-2.3838427,-3.1538427,-2.3338428,2.9361572,-1.0538428,-1.4538428,1.7761573,-1.8438427,-7.293843,-5.6438427,-4.8038425,-3.6338427,-2.3538427,-1.7238427,-1.3038428,0.45615724,-0.21384278,1.0361573,-1.3338428,-0.33384278,-6.573843,-5.2038426,-6.153843,-5.463843,-5.503843,-5.153843,-1.3638427,-5.613843
-1.3038428,-1.2338427,-1.2438427,-2.1438427,-1.4838427,-1.4838427,-1.9338428,-2.7938428,-3.2738428,-3.4638429,-3.4038427,-3.4138427,-3.7038429,-2.443843,-0.9138428,-2.1438427,-0.043842774,1.7361572,1.2061572,2.1261573,3.9261572,4.226157,0.46615723,2.8961573,1.0961572,-0.29384276,-3.3638427,-0.88384277,-2.8938427,-3.2338428,-4.2438426,-0.093842775,-0.40384278,-3.3638427,-1.8538427,1.9861572,2.7661572,-6.0838428,-4.5838428,-4.133843,-2.8638427,-3.0038428,-2.6338427,-1.8238428,-0.5338428,-1.6338428,-2.4638429,-1.2538428,-1.2038428,-6.3338428,-6.253843,-5.6438427,-5.733843,-5.9138427,-7.253843,-7.7238426,-7.9538426
-0.05384277,0.0061572264,-0.15384278,-0.8638428,-1.2138427,-0.96384275,-1.2738428,-1.6238427,-2.4038427,-2.7938428,-2.9638429,-2.9538429,-2.7938428,-2.1238427,-0.24384278,0.65615726,-0.51384276,1.1261573,1.9361572,3.5461571,6.2161574,3.7561572,-1.3138428,-2.0238428,-0.58384275,0.07615723,-1.2738428,-2.4838428,-3.0238428,-3.5338428,1.2061572,0.60615724,-2.0838428,0.54615724,-2.9338427,2.0361571,4.246157,-3.9838428,-3.5938427,-3.2838428,-3.6338427,-3.7538428,-4.293843,-2.8238428,-1.8538427,-1.6038427,-3.1238427,-1.7238427,-5.003843,-6.1238427,-5.463843,-5.6838427,-5.903843,-5.903843,-6.773843,-6.7838426,-7.173843
1.1761572,1.1061572,0.6361572,0.39615723,-0.22384277,-0.0038427734,-0.3638428,-0.6638428,-0.88384277,-1.3838428,-1.9938427,-2.2038429,-2.3838427,-2.2838428,-0.3938428,-0.35384277,-0.29384276,0.7661572,1.4961572,2.2861571,1.6861572,2.1561573,-0.17384277,-1.1138427,-2.6838427,-1.2238427,-2.7138429,-2.1038427,0.09615722,-0.51384276,0.8961572,-1.0638428,0.3261572,-0.59384274,-2.4938428,1.8861573,2.4961572,-2.8038428,-3.3938427,-2.1238427,-3.3638427,-3.3538427,-3.6238427,-4.363843,-0.35384277,-1.3738427,-0.17384277,-0.57384276,-5.6438427,-6.113843,-6.313843,-5.983843,-5.7838426,-6.8038425,-7.0538425,-6.003843,-6.023843
2.6461573,2.7761571,2.806157,1.8161572,1.5061573,1.3061572,0.9361572,0.7461572,0.45615724,-0.023842774,-1.4338428,-1.1138427,-1.5038428,-2.0338428,-0.9838428,0.48615724,-0.49384278,0.85615724,-0.4238428,1.1261573,0.8261572,0.8361572,-1.2938428,-2.0338428,-3.1638427,-3.6538427,-2.3138428,-0.24384278,-1.1338428,-0.8638428,-0.24384278,1.1261573,0.8761572,0.13615723,0.21615723,3.2961571,-0.18384278,-2.0338428,-2.9638429,-3.0738428,-3.3638427,-2.7338428,-2.6438427,-3.2538428,0.17615722,-0.18384278,-0.44384277,-3.2638428,-8.403843,-5.693843,-6.1238427,-6.153843,-5.073843,-6.6838427,-6.403843,-6.423843,-6.593843
5.156157,4.7161574,3.8361573,3.4961572,3.2461572,2.8361573,2.1861572,1.7361572,1.6661572,1.7561573,0.49615723,0.056157228,-0.29384276,-1.1338428,-1.3038428,-1.2138427,-0.64384276,1.1661572,2.1661572,2.2661572,0.55615723,1.8061572,0.5261572,0.09615722,-1.2438427,-1.8338428,-1.3138428,-0.13384277,1.0061573,1.4261572,0.7761572,1.1261573,1.3661572,2.1661572,3.4661572,1.2261572,-1.1438428,-2.6738427,-1.9538428,-2.7438428,-3.1138427,-1.8438427,-0.8538428,-2.0538428,-0.26384276,-2.2038429,-9.353843,-9.503842,-8.073843,-7.0838428,-5.8938427,-6.0338426,-6.1038427,-6.8538427,-8.113843,-8.253842,-7.7038426
6.5061574,5.9461575,5.4861574,5.0661573,4.996157,4.956157,4.3561573,3.6661572,3.3661573,3.2261572,2.5961573,1.9461572,1.1861572,0.0061572264,-1.1538428,-1.4438428,-0.6738428,0.43615723,1.9561572,0.78615725,2.9161572,3.5161572,3.1561573,0.5261572,-1.1138427,0.3261572,1.8061572,0.41615722,3.0161572,0.9661572,1.4761572,1.6161572,1.7361572,4.056157,-0.21384278,0.14615722,-1.6838428,-2.3138428,-2.7338428,-2.9138427,-3.3238428,-3.7938428,-2.3238428,-3.5238428,-5.4538426,-9.523843,-10.5938425,-9.253842,-8.063843,-7.343843,-6.9738426,-6.4138427,-6.8938427,-6.1438427,-8.183843,-7.983843,-7.423843
2.8361573,6.6961575,6.4461575,6.806157,6.9161572,6.036157,5.4861574,5.456157,4.8761573,4.806157,4.2561574,3.9761572,2.9261572,2.1561573,1.2461572,0.5661572,-0.40384278,1.2661573,1.5761572,5.406157,5.426157,4.096157,2.4661572,3.6361573,3.7861571,2.9761572,1.6261573,0.09615722,1.6561573,1.6661572,1.0061573,1.7161572,1.4261572,1.6661572,-1.2338427,-1.0538428,-2.9938428,-2.7238429,-3.4938428,-2.5438428,-3.0438428,-0.95384276,-3.7838428,-4.073843,-8.183843,-7.503843,-8.873843,-8.863843,-7.8738427,-7.323843,-7.463843,-6.713843,-6.233843,-6.5138426,-6.3538427,-6.0838428,-5.9138427
2.806157,4.1261573,2.1861572,6.186157,7.456157,7.936157,8.006157,6.936157,5.9461575,6.516157,5.636157,5.556157,4.6661572,3.8561573,3.7561572,2.1661572,2.3561573,2.0661573,4.426157,2.1461573,3.4061573,1.6961572,3.9661572,2.9261572,4.936157,5.2761574,1.6261573,0.6861572,-0.30384278,1.8161572,-0.023842774,2.1561573,0.31615722,-0.07384277,-0.9338428,-1.4338428,-0.8538428,-2.8238428,-4.753843,-3.8738427,-2.1038427,-2.7138429,-4.503843,-4.233843,-8.913843,-8.553843,-8.553843,-7.903843,-7.443843,-7.2038426,-6.343843,-6.4538426,-6.0138426,-5.153843,-5.133843,-5.063843,-5.273843
2.8861573,3.0761573,2.8661573,3.6661572,5.1061573,4.616157,8.066157,8.336157,8.256157,7.616157,7.016157,6.4461575,6.516157,6.1261573,5.616157,5.0061574,3.8861573,2.2861571,2.2161572,3.2561572,3.9861572,5.306157,6.4861574,6.5861573,5.1961575,4.536157,2.7461572,-0.21384278,2.0761573,2.0161572,1.7161572,0.5161572,-0.96384275,-0.29384276,-0.96384275,-1.9838427,-2.7138429,-3.6538427,-3.943843,-3.3738427,-3.5338428,-3.8238428,-4.983843,-6.593843,-6.5538425,-8.743843,-7.543843,-6.823843,-6.9938426,-6.483843,-5.193843,-5.753843,-5.8738427,-4.7238426,-4.133843,-4.343843,-4.313843
5.576157,4.886157,4.6261573,5.206157,5.9161572,6.4661574,6.246157,5.5261574,9.096157,9.236157,8.746158,6.936157,6.616157,7.386157,6.8361573,6.056157,5.936157,4.0061574,4.206157,5.226157,7.246157,5.3761573,5.5261574,4.996157,4.536157,4.806157,1.3961573,0.34615722,5.5061574,1.3261572,2.4661572,4.996157,3.8261573,-3.1638427,-2.6338427,-3.3438427,-3.3138428,-3.1838427,-2.3038428,-2.9738429,-4.9938426,-4.6438427,-4.6438427,-7.313843,-8.203843,-6.9938426,-5.713843,-5.483843,-5.5138426,-5.483843,-5.0538425,-4.673843,-3.9738429,-2.9538429,-2.7638428,-2.8738427,-2.1838427
6.996157,6.1061573,5.496157,5.2561574,5.706157,6.1461573,6.3561573,7.246157,8.066157,5.2361574,9.886157,8.526157,7.156157,8.086157,9.106157,7.0061574,6.4461575,5.3961573,3.3461573,3.1761572,5.406157,5.286157,5.706157,1.6061572,3.056157,3.7761571,1.7861573,2.3661573,2.5261571,2.9061573,7.5061574,2.1961572,1.9761572,-2.2338428,-4.3738427,-3.4038427,-3.5838428,-2.8838427,-2.7438428,-4.213843,-5.023843,-6.293843,-6.1038427,-7.2438426,-8.083843,-5.673843,-4.153843,-4.823843,-4.593843,-3.9938428,-3.7438428,-3.5438428,-2.8538427,-2.8238428,-1.8638427,-1.3338428,-0.9338428
8.476157,7.1661572,6.846157,6.996157,6.9161572,7.206157,7.2161574,7.0661573,6.926157,6.556157,5.096157,6.3561573,8.6561575,9.186157,9.246158,10.126157,7.436157,7.0061574,3.4961572,2.3761573,4.406157,10.366158,9.446157,8.916157,0.5261572,0.33615723,0.92615724,1.8561572,3.5761573,4.766157,6.9661574,0.86615723,-3.4038427,-2.6638427,-4.713843,-3.4538429,-2.9138427,-2.4638429,-2.4638429,-5.4538426,-4.5538425,-5.2838426,-7.8738427,-7.6038427,-7.573843,-4.6838427,-3.8238428,-3.6838427,-2.6738427,-2.3538427,-2.6438427,-1.9138428,-1.8538427,-1.4838427,-1.6738428,-1.0838428,-0.88384277
8.006157,7.676157,8.026157,7.8561573,8.226157,7.9161572,7.636157,7.076157,5.826157,6.8761573,7.056157,7.636157,5.286157,9.606157,9.216157,9.736157,10.556157,10.036158,7.136157,4.2961574,5.0861573,1.6461573,1.3761573,2.1561573,4.8161573,4.9861574,5.4461575,8.286158,9.276157,6.9661574,3.5661573,-0.7938428,-2.3638427,-3.0238428,-3.6038427,-4.0138426,-3.7838428,-2.7138429,-3.8638427,-4.7838426,-4.2838426,-4.9138427,-5.253843,-6.2238426,-5.6238427,-3.4638429,-2.9538429,-2.4738429,-1.4638427,-0.88384277,0.12615722,0.84615725,0.49615723,-0.17384277,-0.32384276,-0.40384278,0.54615724
8.076158,7.156157,8.1561575,8.606157,9.146157,9.626157,9.1561575,8.096157,7.366157,7.9661574,7.976157,7.7561574,7.746157,7.936157,7.4861574,9.506157,10.186157,10.976157,11.1561575,12.036158,14.726157,14.9061575,13.366158,13.886157,12.806157,11.4061575,8.436157,9.946157,10.776157,9.836157,5.806157,0.8861572,-0.8638428,-1.5238428,-1.2138427,-3.5638428,-4.4138427,-4.4138427,-5.4538426,-4.3338428,-3.7138429,-4.5338426,-4.003843,-4.343843,-3.3738427,-1.4738427,-0.6138428,-0.49384278,-0.5338428,1.4561572,2.4361572,2.4361572,2.2561572,1.8961573,1.7961572,2.1561573,2.3961573
7.6461573,7.866157,8.306157,10.006157,9.996158,11.106157,11.266157,10.436157,9.856157,9.566157,9.946157,9.646157,9.336157,9.696157,8.706158,10.056157,8.426157,12.4061575,12.246158,11.966157,12.6561575,13.946157,15.016157,15.746158,14.186157,10.626157,7.136157,7.806157,9.236157,11.106157,9.046157,4.5061574,1.1161572,-1.8038428,-2.8638427,-5.543843,-5.483843,-5.2438426,-6.7638426,-4.8538427,-5.023843,-4.1638427,-3.0938427,-2.1038427,-1.4938427,-0.49384278,0.48615724,1.0461572,0.036157228,0.18615723,1.7561573,1.0161573,1.1761572,0.7561572,1.9361572,2.3761573,2.9161572
8.396157,8.9061575,10.596157,10.466157,11.446157,11.646157,11.856157,11.546157,10.876157,10.926157,11.586157,10.616158,10.716157,10.786158,9.9061575,9.226157,9.466157,10.986157,14.386157,13.226157,12.626157,14.276157,14.626157,13.716157,6.906157,5.326157,2.3361573,6.2361574,8.466157,9.076158,6.576157,3.3561573,0.15615723,-3.8838427,-5.4738426,-6.9738426,-6.593843,-6.383843,-6.483843,-5.6838427,-6.7038426,-6.293843,-6.2238426,-4.9338427,-2.0738428,-1.0138428,-0.6138428,0.78615725,1.4761572,1.6461573,1.8761573,2.3461573,3.0061572,2.0961573,2.6161573,2.1461573,1.0261573
11.106157,11.516157,11.736157,12.026157,11.186157,11.606157,11.726157,12.636157,12.276157,11.446157,12.146157,11.056157,12.266157,11.176157,9.746158,11.046157,12.056157,13.516157,14.316157,13.576158,13.316157,14.256157,13.556157,9.416157,4.016157,0.9461572,1.8561572,3.1061573,1.6861572,2.6361573,0.056157228,-5.003843,-8.283843,-7.633843,-9.623843,-8.083843,-6.5138426,-5.9538426,-6.2638426,-6.4138427,-6.4338427,-5.443843,-5.1438427,-5.3338428,-4.6438427,-2.6738427,-0.35384277,0.19615723,-2.1438427,-0.15384278,0.3561572,-1.6038427,-1.9738427,-1.9738427,2.056157,1.5161573,2.806157
12.176157,12.296157,12.356157,12.096157,11.956158,12.336157,12.086157,12.026157,12.506157,13.256157,12.016157,12.176157,11.646157,11.536158,10.876157,11.996158,11.956158,14.326158,12.9061575,15.956158,12.386157,13.116158,12.716157,1.8561572,1.9861572,-1.5838428,-1.8338428,-3.0238428,-7.563843,-6.323843,-2.9738429,-8.773843,-8.773843,-9.743843,-6.323843,-9.643843,-6.7838426,-7.343843,-6.9138427,-7.4738426,-7.9138427,-7.463843,-7.423843,-8.3438425,-8.153843,-8.0938425,-8.163843,-7.8738427,-7.293843,-7.4738426,-7.273843,-6.543843,-6.273843,-6.0538425,-5.943843,-5.7838426,-4.503843
