2020110600.json
{"header": {"discipline":0,"disciplineName":"Meteorological products","gribEdition":2,"gribLength":48064,"center":7,"centerName":"US National Weather Service - NCEP(WMC)","subcenter":0,"refTime":"2020-11-06T00:00:00.000Z","significanceOfRT":1,"significanceOfRTName":"Start of forecast","productStatus":0,"productStatusName":"Operational products","productType":1,"productTypeName":"Forecast products","productDefinitionTemplate":0,"productDefinitionTemplateName":"Analysis/forecast at horizontal level/layer at a point in time","parameterCategory":0,"parameterCategoryName":"Temperature","parameterNumber":0,"parameterNumberName":"Temperature","parameterUnit":"K","genProcessType":2,"genProcessTypeName":"Forecast","forecastTime":0,"surface1Type":1,"surface1TypeName":"Ground or water surface","surface1Value":0.0,"surface2Type":255,"surface2TypeName":"Missing","surface2Value":0.0,"gridDefinitionTemplate":0,"gridDefinitionTemplateName":"Latitude_Longitude","numberPoints":65160,"shape":6,"shapeName":"Earth spherical with radius of 6,371,229.0 m","gridUnits":"degrees","resolution":48,"winds":"true","scanMode":0,"nx":360,"ny":181,"basicAngle":0,"lo1":0.0,"la1":90.0,"lo2":359.0,"la2":-90.0,"dx":1.0,"dy":1.0}, "data":
[rows 135 to 161 of 181, columns 183 to 243 of 360]
284.48627,285.2863,285.8863,285.48627,284.68628,284.18628,284.08627,284.58627,284.8863,284.58627,284.08627,283.7863,283.68628,283.58627,283.58627,283.48627,283.2863,283.18628,283.18628,283.08627,283.08627,283.08627,283.08627,282.98627,282.7863,282.68628,282.58627,282.7863,282.58627,282.2863,282.3863,282.58627,282.2863,282.3863,282.2863,282.2863,282.3863,282.3863,282.3863,282.48627,282.2863,282.2863,282.3863,282.48627,282.58627,282.58627,282.3863,282.2863,282.2863,282.2863,282.3863,282.3863,282.18628,282.2863,282.48627,282.48627,282.18628,282.18628,282.18628,282.18628,282.18628
284.2863,284.68628,284.3863,284.18628,284.3863,284.08627,283.68628,283.7863,283.8863,283.7863,283.48627,283.2863,283.08627,282.8863,282.7863,282.58627,282.68628,282.8863,282.7863,282.98627,282.98627,282.8863,282.7863,282.7863,282.8863,282.68628,282.48627,282.2863,281.8863,281.58627,281.3863,281.48627,281.48627,281.58627,281.68628,281.58627,281.7863,281.8863,282.08627,282.18628,282.08627,281.98627,281.98627,281.98627,281.8863,281.8863,281.98627,281.8863,281.7863,281.68628,281.48627,281.48627,281.48627,281.68628,281.7863,281.98627,281.8863,281.68628,281.68628,281.7863,281.7863
284.3863,284.48627,283.8863,283.58627,283.68628,283.58627,283.3863,283.08627,283.18628,282.98627,282.7863,282.68628,282.58627,282.3863,282.2863,282.2863,282.3863,282.48627,282.68628,282.98627,282.98627,282.8863,282.68628,282.68628,282.68628,282.3863,282.18628,281.7863,281.2863,280.7863,280.48627,280.58627,280.8863,281.08627,281.08627,281.08627,281.2863,281.48627,281.58627,281.68628,281.68628,281.68628,281.58627,281.58627,281.48627,281.58627,281.58627,281.58627,281.48627,281.2863,281.18628,281.18628,281.18628,281.18628,281.2863,281.2863,281.18628,280.98627,281.08627,281.18628,281.08627
283.7863,284.7863,284.2863,283.3863,283.08627,283.08627,282.98627,282.68628,282.48627,282.2863,281.98627,282.08627,282.3863,282.3863,282.08627,281.8863,282.18628,282.58627,282.68628,282.7863,282.68628,282.58627,282.48627,282.3863,282.2863,282.18628,281.98627,281.58627,281.08627,280.7863,280.48627,280.58627,280.7863,280.8863,280.8863,280.98627,281.08627,281.2863,281.18628,281.18628,281.2863,281.2863,281.2863,281.18628,281.2863,281.2863,281.18628,281.08627,280.98627,280.8863,280.98627,280.98627,280.98627,280.98627,280.98627,280.8863,280.68628,280.58627,280.68628,280.68628,280.68628
282.18628,283.08627,283.18628,282.48627,282.48627,282.58627,282.48627,282.18628,282.18628,282.18628,282.08627,282.08627,282.08627,282.08627,281.68628,281.2863,281.8863,282.58627,282.68628,282.58627,282.48627,282.3863,282.3863,282.18628,282.08627,281.98627,281.58627,281.18628,280.8863,280.68628,280.48627,280.48627,280.58627,280.7863,281.08627,281.18628,281.2863,281.2863,281.18628,281.08627,280.98627,281.08627,280.8863,280.68628,280.68628,280.68628,280.68628,280.68628,280.58627,280.7863,280.68628,280.7863,280.7863,280.7863,280.68628,280.58627,280.3863,280.2863,280.18628,280.18628,280.2863
281.08627,281.3863,281.7863,282.08627,281.98627,281.68628,281.58627,281.3863,281.7863,282.3863,282.18628,281.48627,281.18628,280.8863,280.68628,280.68628,281.08627,282.18628,282.7863,282.7863,282.48627,282.2863,282.08627,281.68628,281.18628,281.18628,281.18628,280.8863,280.7863,280.58627,280.2863,280.3863,280.58627,280.98627,281.18628,281.2863,281.18628,281.08627,281.08627,280.98627,280.8863,280.8863,280.7863,280.58627,280.48627,280.3863,280.3863,280.48627,280.48627,280.48627,280.48627,280.48627,280.48627,280.48627,280.3863,280.3863,280.2863,280.18628,279.8863,279.58627,279.48627
280.3863,280.58627,280.98627,281.18628,281.08627,280.98627,280.58627,280.48627,280.8863,281.08627,280.7863,280.2863,280.08627,280.08627,280.18628,280.3863,280.7863,281.58627,281.68628,281.58627,281.2863,280.98627,280.98627,280.98627,280.68628,280.7863,280.98627,280.8863,280.58627,280.08627,279.7863,279.98627,280.68628,281.18628,281.3863,281.18628,280.98627,280.7863,280.68628,280.68628,280.58627,280.58627,280.2863,280.18628,280.08627,280.18628,280.18628,280.2863,280.2863,280.2863,280.2863,280.2863,280.2863,280.08627,279.7863,279.68628,279.8863,279.7863,279.68628,279.3863,279.08627
279.8863,280.18628,280.2863,280.18628,280.2863,280.3863,280.2863,280.18628,280.2863,280.48627,280.48627,280.3863,280.18628,280.08627,280.18628,280.3863,280.3863,280.3863,280.08627,279.98627,279.8863,279.48627,279.68628,280.08627,280.18628,280.2863,280.48627,280.48627,280.3863,279.8863,279.18628,279.08627,279.68628,280.3863,280.58627,280.2863,279.8863,279.58627,279.48627,279.58627,279.7863,279.8863,279.68628,279.48627,279.48627,279.68628,279.98627,280.18628,280.18628,280.18628,280.18628,280.08627,279.98627,279.8863,279.68628,279.48627,279.3863,279.18628,278.98627,279.08627,279.18628
279.48627,279.48627,279.58627,279.68628,279.8863,280.08627,279.98627,279.68628,279.68628,279.8863,279.7863,279.68628,279.68628,279.8863,280.08627,280.08627,279.8863,279.48627,279.3863,279.08627,278.68628,278.18628,278.48627,278.7863,278.7863,278.3863,278.68628,278.7863,279.2863,279.18628,278.7863,278.48627,278.7863,279.18628,278.98627,278.7863,278.2863,277.7863,277.7863,277.8863,277.8863,278.18628,277.98627,278.18628,278.68628,278.98627,279.58627,279.7863,279.68628,279.58627,279.58627,279.3863,279.2863,279.48627,279.48627,279.2863,279.08627,278.98627,278.7863,278.8863,279.08627
279.68628,279.48627,279.2863,279.2863,279.18628,279.08627,278.7863,278.58627,278.48627,278.3863,278.2863,278.3863,278.58627,279.08627,279.2863,279.3863,278.8863,278.68628,278.3863,277.98627,277.7863,277.68628,277.7863,277.58627,276.7863,276.08627,276.18628,276.68628,276.98627,277.2863,277.7863,278.2863,278.7863,278.7863,278.3863,277.8863,277.58627,277.2863,277.2863,277.18628,276.98627,276.98627,277.08627,277.08627,277.58627,278.08627,278.98627,279.48627,279.48627,279.2863,279.08627,279.08627,279.08627,279.18628,279.18628,278.98627,278.7863,278.58627,278.48627,278.48627,278.58627
279.2863,279.08627,278.8863,278.58627,278.08627,277.68628,277.48627,277.3863,277.7863,278.08627,277.58627,277.3863,277.2863,277.2863,277.18628,277.08627,276.98627,276.8863,276.8863,276.68628,276.68628,276.58627,276.68628,276.2863,275.7863,275.68628,275.7863,275.7863,275.2863,274.98627,275.7863,276.68628,277.68628,278.18628,278.2863,278.08627,277.48627,276.8863,276.7863,276.68628,276.48627,276.58627,276.68628,276.58627,276.3863,276.48627,276.98627,277.48627,278.08627,278.3863,278.58627,278.7863,278.8863,278.8863,278.7863,278.58627,278.58627,278.3863,278.18628,277.8863,277.8863
278.58627,278.3863,278.3863,278.08627,277.7863,277.2863,276.98627,277.08627,277.48627,277.7863,277.58627,277.18628,276.7863,276.18628,275.68628,275.58627,275.68628,275.68628,275.8863,275.98627,275.98627,275.58627,275.3863,274.8863,274.7863,274.8863,275.18628,275.18628,274.7863,274.48627,274.3863,274.18628,274.48627,274.98627,275.8863,276.98627,277.18628,276.98627,276.7863,276.58627,276.3863,276.2863,276.08627,275.98627,275.7863,275.7863,275.8863,275.98627,276.2863,276.58627,277.08627,277.58627,277.98627,277.98627,277.8863,277.98627,278.18628,278.18628,278.08627,277.68628,277.7863
278.08627,277.7863,277.58627,277.3863,277.2863,276.8863,276.68628,276.7863,276.68628,276.98627,276.8863,276.68628,276.58627,275.98627,275.48627,275.18628,274.98627,275.18628,275.18628,275.18628,275.08627,274.8863,274.8863,274.58627,274.2863,273.68628,273.7863,273.8863,273.58627,273.8863,273.68628,273.08627,272.68628,272.7863,273.08627,273.7863,274.68628,275.48627,275.2863,275.3863,275.2863,274.8863,274.98627,275.2863,275.3863,275.48627,275.8863,276.2863,276.2863,276.2863,276.2863,276.3863,276.3863,276.2863,276.2863,276.3863,276.48627,276.98627,277.08627,277.08627,277.2863
277.2863,277.18628,276.98627,276.58627,276.18628,276.08627,275.98627,275.7863,275.68628,275.58627,275.58627,275.58627,275.58627,275.3863,275.18628,275.08627,274.8863,274.68628,274.3863,274.18628,274.08627,273.98627,274.08627,273.8863,273.68628,273.18628,273.08627,272.98627,272.7863,272.48627,272.2863,272.2863,272.48627,272.7863,272.8863,272.8863,272.8863,272.98627,272.98627,273.08627,273.2863,273.7863,274.3863,274.68628,274.98627,275.2863,275.48627,275.68628,275.7863,275.7863,275.68628,275.7863,275.8863,275.8863,275.98627,275.98627,275.98627,276.08627,275.98627,275.8863,275.7863
275.3863,275.68628,275.58627,275.3863,275.18628,275.2863,275.2863,275.2863,274.8863,274.68628,274.3863,274.48627,274.3863,274.3863,274.2863,274.48627,274.3863,274.08627,273.98627,273.68628,273.68628,273.58627,273.18628,272.7863,272.68628,272.3863,272.3863,272.2863,272.08627,271.8863,271.98627,272.08627,272.18628,272.3863,272.48627,272.3863,272.58627,272.68628,272.7863,272.68628,272.8863,273.08627,273.2863,273.48627,273.8863,274.3863,274.48627,274.8863,275.08627,274.58627,275.08627,275.2863,275.58627,275.68628,275.58627,275.68628,275.48627,275.48627,275.2863,275.08627,274.98627
273.7863,274.08627,274.18628,274.18628,274.18628,274.18628,274.18628,274.18628,273.98627,273.7863,273.68628,273.68628,273.68628,273.58627,273.2863,273.08627,272.98627,272.8863,272.7863,272.8863,273.08627,273.08627,272.48627,271.8863,271.7863,271.58627,271.48627,271.48627,271.48627,271.3863,271.48627,271.68628,271.7863,271.8863,271.98627,272.18628,272.3863,272.48627,272.68628,272.58627,272.48627,272.48627,272.58627,272.58627,272.7863,273.18628,273.3863,273.48627,273.68628,274.08627,274.48627,274.7863,275.08627,275.18628,274.8863,274.58627,274.48627,274.68628,274.68628,274.7863,274.7863
272.58627,272.68628,272.98627,273.08627,272.7863,272.68628,272.48627,272.68628,272.68628,271.98627,272.48627,271.7863,271.98627,272.48627,271.7863,271.7863,272.08627,272.18628,272.18628,272.18628,272.18628,272.08627,271.7863,271.58627,272.08627,271.2863,271.98627,271.18628,271.2863,271.2863,271.2863,271.2863,271.2863,271.48627,271.7863,271.98627,272.08627,272.2863,272.18628,272.18628,272.18628,272.08627,272.18628,272.3863,272.48627,272.68628,272.68628,272.8863,273.08627,273.18628,273.3863,273.68628,274.18628,274.48627,274.58627,274.2863,274.18628,274.2863,274.18628,274.18628,274.2863
272.08627,271.58627,271.98627,271.98627,271.7863,271.7863,271.98627,271.7863,271.7863,272.08627,271.8863,271.48627,271.2863,271.58627,272.08627,271.8863,271.8863,271.8863,271.98627,271.48627,271.8863,271.8863,272.3863,272.58627,272.58627,272.3863,272.2863,272.48627,272.08627,271.68628,271.3863,271.08627,271.08627,270.58627,270.8863,269.48627,270.18628,269.3863,271.2863,270.58627,271.8863,272.08627,271.98627,271.98627,272.08627,272.08627,272.2863,272.48627,272.58627,272.7863,272.98627,273.3863,273.68628,273.98627,273.98627,273.8863,273.68628,273.48627,273.3863,273.48627,273.68628
272.2863,272.18628,272.2863,272.3863,272.58627,272.18628,272.3863,272.58627,272.48627,272.18628,271.98627,271.8863,271.68628,271.7863,271.98627,272.18628,271.98627,272.08627,272.58627,272.58627,272.7863,272.98627,272.98627,273.18628,273.08627,272.8863,272.8863,272.7863,272.2863,272.2863,271.68628,271.08627,270.2863,269.48627,268.8863,269.08627,269.3863,269.2863,269.18628,268.7863,268.7863,270.58627,267.18628,270.58627,271.2863,271.98627,272.18628,272.2863,272.48627,272.7863,272.98627,273.18628,273.48627,273.48627,273.48627,273.48627,273.2863,273.08627,273.18628,273.3863,273.58627
272.18628,272.2863,272.68628,272.7863,272.8863,273.08627,272.68628,272.18628,272.3863,271.58627,271.48627,271.48627,271.2863,271.2863,271.18628,271.68628,272.98627,272.7863,272.98627,272.98627,273.08627,273.08627,273.08627,273.08627,273.08627,272.8863,271.98627,270.58627,269.98627,269.68628,269.2863,268.98627,268.48627,267.68628,267.2863,266.8863,266.18628,265.98627,265.08627,264.8863,265.58627,267.08627,265.98627,266.68628,268.48627,271.18628,270.3863,270.08627,269.58627,270.18628,271.3863,272.2863,272.3863,272.58627,272.68628,272.7863,272.8863,272.8863,272.68628,272.68628,272.7863
270.8863,269.98627,269.58627,269.18628,269.08627,269.2863,269.08627,269.18628,269.18628,269.2863,269.3863,269.2863,269.48627,269.48627,269.48627,269.68628,269.98627,270.68628,272.7863,272.98627,272.98627,272.98627,273.08627,273.08627,273.08627,271.98627,269.8863,269.08627,268.58627,267.68628,267.18628,266.68628,266.58627,266.2863,265.98627,265.8863,265.48627,265.2863,265.3863,264.8863,264.3863,263.7863,263.08627,263.48627,264.08627,264.18628,264.2863,265.2863,267.8863,271.18628,270.48627,270.68628,271.08627,271.2863,271.2863,271.08627,271.08627,271.08627,271.48627,272.3863,271.48627
267.48627,267.08627,267.3863,267.18628,267.18628,267.18628,267.58627,268.08627,268.08627,268.2863,268.58627,268.68628,268.68628,268.8863,268.8863,268.98627,269.3863,269.8863,269.7863,270.98627,272.98627,272.8863,272.8863,272.58627,271.7863,270.18628,268.8863,267.8863,267.18628,266.68628,266.2863,265.7863,265.68628,265.8863,265.48627,265.58627,265.2863,265.18628,264.68628,264.3863,263.3863,262.8863,263.2863,263.68628,264.08627,264.2863,264.48627,264.98627,265.8863,267.2863,269.3863,269.8863,269.8863,270.08627,269.98627,270.18628,270.3863,270.68628,270.58627,270.3863,270.3863
266.18628,266.2863,266.3863,267.48627,267.68628,267.48627,267.3863,267.58627,267.98627,268.2863,268.48627,268.2863,268.2863,268.3863,268.58627,268.2863,268.48627,269.2863,269.2863,271.2863,272.7863,272.8863,272.68628,271.8863,270.58627,269.7863,268.68628,267.58627,266.98627,266.18628,265.8863,265.58627,265.3863,265.3863,265.3863,265.08627,264.98627,264.98627,264.58627,263.3863,262.48627,262.68628,263.58627,263.98627,264.2863,264.8863,266.08627,268.58627,269.8863,269.2863,268.8863,268.7863,268.68628,268.3863,268.58627,268.7863,268.58627,268.68628,269.3863,270.7863,272.58627
265.98627,266.2863,267.18628,267.3863,268.2863,269.18628,270.48627,270.18628,269.98627,269.98627,269.3863,269.08627,268.8863,268.58627,268.2863,268.58627,268.7863,268.48627,269.98627,272.3863,272.68628,272.68628,272.68628,271.7863,270.7863,269.8863,269.18628,268.08627,266.8863,266.48627,265.68628,265.3863,265.18628,264.98627,264.98627,264.68628,264.98627,264.18628,262.98627,261.7863,262.08627,262.68628,263.68628,264.48627,265.08627,267.18628,268.48627,268.8863,267.7863,267.18628,267.3863,267.08627,267.3863,267.48627,267.58627,267.18628,267.18628,268.08627,269.8863,273.08627,273.08627
265.08627,265.8863,266.58627,267.18628,267.98627,269.08627,270.18628,271.68628,271.3863,269.3863,268.48627,268.2863,268.2863,268.58627,268.8863,270.68628,271.68628,272.98627,273.08627,273.08627,273.08627,272.98627,272.98627,272.08627,271.3863,270.2863,269.18628,267.18628,266.2863,265.7863,265.2863,265.18628,264.8863,264.7863,264.98627,264.58627,263.18628,261.7863,261.8863,261.7863,262.58627,263.2863,264.3863,265.2863,266.98627,267.98627,268.18628,266.98627,265.98627,265.98627,265.58627,265.68628,265.58627,265.3863,265.3863,265.48627,266.08627,267.3863,268.68628,272.48627,273.08627
264.18628,264.58627,264.8863,265.58627,265.48627,266.18628,267.2863,268.58627,270.08627,271.68628,273.08627,272.08627,272.68628,273.08627,273.08627,273.08627,273.08627,273.08627,273.08627,273.08627,272.18628,271.18628,270.18628,269.8863,269.2863,267.8863,266.98627,266.18628,265.3863,264.98627,265.08627,264.7863,265.48627,265.2863,263.08627,261.68628,261.2863,260.98627,261.48627,262.68628,264.2863,264.8863,267.3863,267.48627,267.98627,267.7863,266.48627,264.98627,264.68628,264.18628,263.7863,263.68628,263.68628,263.48627,263.2863,263.48627,264.3863,264.98627,266.08627,267.3863,268.68628
261.98627,262.7863,263.08627,262.7863,263.2863,263.7863,264.08627,264.48627,265.58627,265.98627,266.58627,266.68628,267.48627,267.58627,267.68628,267.98627,268.2863,268.58627,268.68628,268.48627,268.3863,267.7863,267.58627,266.68628,266.08627,265.3863,265.18628,265.08627,265.18628,265.18628,265.3863,263.98627,262.7863,261.68628,260.98627,260.8863,260.7863,261.3863,262.3863,262.7863,266.3863,266.3863,266.3863,267.3863,267.7863,266.08627,264.7863,264.18628,263.8863,263.3863,263.2863,262.98627,262.7863,262.58627,262.2863,262.7863,262.7863,262.8863,263.2863,263.7863,264.48627
