2020110600.json
{"header": {"discipline":0,"disciplineName":"Meteorological products","gribEdition":2,"gribLength":78456,"center":7,"centerName":"US National Weather Service - NCEP(WMC)","subcenter":0,"refTime":"2020-11-06T00:00:00.000Z","significanceOfRT":1,"significanceOfRTName":"Start of forecast","productStatus":0,"productStatusName":"Operational products","productType":1,"productTypeName":"Forecast products","productDefinitionTemplate":0,"productDefinitionTemplateName":"Analysis/forecast at horizontal level/layer at a point in time","parameterCategory":2,"parameterCategoryName":"Momentum","parameterNumber":3,"parameterNumberName":"V-component_of_wind","parameterUnit":"m.s-1","genProcessType":2,"genProcessTypeName":"Forecast","forecastTime":0,"surface1Type":103,"surface1TypeName":"Specified height level above ground","surface1Value":10.0,"surface2Type":255,"surface2TypeName":"Missing","surface2Value":0.0,"gridDefinitionTemplate":0,"gridDefinitionTemplateName":"Latitude_Longitude","numberPoints":65160,"shape":6,"shapeName":"Earth spherical with radius of 6,371,229.0 m","gridUnits":"degrees","resolution":48,"winds":"true","scanMode":0,"nx":360,"ny":181,"basicAngle":0,"lo1":0.0,"la1":90.0,"lo2":359.0,"la2":-90.0,"dx":1.0,"dy":1.0}, "data":
[rows 78 to 103 of 181, columns 0 to 58 of 360]
-2.2959669,-1.9159667,-1.4859668,-0.7759668,-1.4259667,-0.9359668,-1.2859668,-0.6859668,-2.5859668,-2.3959668,-3.0359669,-2.9359667,-3.8459668,-3.5359669,-3.3459668,-3.8959668,-4.8559666,-5.325967,-3.0959668,-3.265967,-4.8359666,-2.7959669,-3.4659667,-2.2259667,-2.9759667,-5.135967,-5.895967,-6.725967,-6.865967,-4.7159667,-4.265967,-4.475967,-4.7759666,-4.305967,-2.9459667,-0.09596679,0.5040332,-4.0059667,1.0540332,0.0740332,-0.5759668,3.3240333,2.494033,2.2040331,0.5340332,-3.4259667,-3.2359667,-3.3159668,-1.4759668,-1.1459668,-1.8359668,0.3240332,-1.4159667,-1.6559668,-1.2559668,1.3540332,0.024033204,-1.8459668,-3.2359667
-2.1759667,-1.4659668,-0.2359668,-1.0359668,-0.8059668,-1.4359668,-1.0459667,-1.4459668,-1.7159668,-1.2959667,-2.2859669,-2.2259667,-2.7359667,-1.7959667,-1.5259668,-3.5959668,-4.475967,-3.1759667,-2.3659668,-2.265967,-2.275967,-1.4159667,-0.8559668,-0.9959668,-2.515967,-4.205967,-5.2959666,-6.385967,-6.875967,-5.885967,-4.0859666,-4.645967,-5.285967,-3.2259667,-0.6259668,0.8940332,-0.3359668,-1.3659668,1.4740332,1.0140332,-0.09596679,-0.005966797,-0.28596678,0.094033204,-0.9259668,-1.9559668,-2.755967,-1.9259667,-0.1659668,2.734033,-1.1959668,-1.2359668,-1.7159668,-2.5459669,1.1440332,0.2840332,-1.8159668,-3.0759668,-2.9059668
-1.2559668,0.5040332,-1.2259668,-0.8759668,-0.9259668,0.8840332,0.6740332,-0.1359668,-0.7859668,-0.5359668,-2.0359669,-3.9559667,-2.7059667,-2.4659667,-3.515967,-2.3859668,-0.3859668,-1.2759668,-1.8059669,0.4240332,-1.4859668,-1.0459667,0.084033206,-0.64596677,-1.0459667,-1.2959667,-3.7359667,-4.075967,-3.5459669,-2.4159667,1.0240332,-0.6159668,-1.5359668,-0.5359668,-0.1459668,1.8740332,0.3940332,0.8840332,-0.015966797,0.7240332,-0.31596678,-1.9059668,-0.4559668,1.4440331,0.7540332,0.4540332,-0.1759668,3.744033,-1.7359668,-0.9059668,-0.3259668,-1.8959668,-0.8059668,-3.3159668,-0.6559668,-2.4259667,-3.1959667,-1.8259668,-1.5259668
1.6940331,0.14403321,0.3440332,0.5440332,0.5140332,0.4240332,-0.2059668,-0.9059668,-1.5659668,-3.1359668,-2.7959669,-0.9959668,-0.5859668,0.0040332032,-0.25596678,-1.2859668,-1.4859668,-1.6459668,-0.7159668,-0.1159668,-0.21596679,0.6740332,0.014033203,1.1940331,0.5140332,-0.9759668,-1.9859668,-1.4759668,-0.9859668,-0.6659668,-0.2359668,-1.3059669,0.46403322,1.3140332,0.2940332,0.024033204,0.6140332,0.2940332,1.3940332,-1.4659668,-0.4959668,0.5240332,0.1340332,0.014033203,-2.4159667,1.6240332,2.474033,1.8840332,2.1440332,-3.245967,-1.9959668,-2.7159667,-2.3459668,-3.7959669,-2.245967,-3.4859667,-2.995967,-1.9459668,-2.7159667
1.7540332,-0.2259668,1.8640332,0.9340332,0.5740332,0.9740332,1.0940332,0.3840332,-1.3059669,-1.1759667,-0.3459668,0.5340332,-0.4659668,0.49403322,0.5840332,0.5940332,0.9140332,1.1440332,1.1740332,1.2340332,1.2140332,0.6540332,0.8140332,-0.6259668,-1.0659668,-0.9859668,-0.5859668,-0.28596678,0.3740332,-0.1359668,1.3540332,1.3140332,0.4540332,0.2240332,0.2640332,0.8240332,0.43403322,0.5240332,-0.64596677,0.2140332,-0.7459668,0.6640332,1.1140332,2.8440332,1.2640332,2.5640333,3.7840333,2.4340332,-0.5259668,-2.4559667,-4.7359667,-4.325967,-3.2259667,-3.525967,-2.9659667,-3.8459668,-1.4259667,-0.6959668,-0.7459668
2.734033,0.7340332,1.0840333,1.2140332,0.7340332,-0.045966797,0.5740332,0.5440332,1.3340333,2.5840333,1.2440332,-0.2659668,-1.6259668,-0.4859668,-1.6559668,1.0140332,0.8640332,1.5440332,1.4040332,1.3840332,0.7340332,0.8440332,0.6640332,0.85403323,-0.31596678,-0.31596678,-0.3559668,1.1640332,1.7640332,1.4840332,0.9340332,0.7040332,0.5940332,0.044033203,0.4440332,0.8140332,-1.2959667,-0.4659668,-1.4459668,-0.0359668,0.6440332,0.084033206,1.4340332,3.2640333,4.374033,3.3040333,3.8340333,1.5140332,-0.5759668,-2.7859669,-3.3859668,-3.255967,-3.6359668,-3.4759667,-3.0759668,-4.0259666,-2.1659667,0.14403321,1.2540332
1.2140332,3.3440332,5.064033,4.254033,4.174033,1.7040333,0.49403322,1.9740332,2.9540331,0.2440332,0.3040332,-0.0659668,-0.1759668,0.044033203,-0.7659668,-0.8459668,0.5140332,1.4040332,1.6640332,1.2540332,1.3140332,0.8240332,0.85403323,0.014033203,0.5240332,-0.1559668,1.0140332,1.1940331,0.9340332,0.43403322,-0.3759668,-0.64596677,-1.4759668,-2.2959669,-1.1059668,1.0440332,0.1140332,-1.2359668,1.7240332,-0.4759668,-0.4559668,-0.2659668,2.1840332,3.1840332,5.1840334,5.2240334,3.6640332,1.9740332,-0.6959668,-1.7059668,-2.5659668,-2.515967,-2.9359667,-3.3559668,-4.135967,-4.0059667,-4.125967,-0.8759668,-0.8159668
4.814033,5.374033,5.3240333,4.2240334,3.6540332,4.154033,1.1640332,1.6640332,1.3040332,0.7040332,-0.9159668,0.2140332,-0.1259668,-0.3059668,0.0740332,-0.015966797,-0.3459668,-0.25596678,0.3340332,0.43403322,0.2340332,1.0440332,0.6940332,0.8240332,0.6840332,1.0440332,0.3940332,-0.2259668,0.3440332,0.9740332,0.1540332,0.0740332,-0.4759668,-0.0559668,4.904033,0.5640332,5.334033,0.3940332,0.7640332,0.8040332,1.0140332,3.6240332,6.314033,5.2840333,6.4740334,5.854033,5.544033,3.0240333,1.9940332,0.4740332,-0.9259668,-3.1159668,-3.775967,-4.845967,-4.9059668,-5.0459666,-4.615967,-2.9059668,-2.7859669
4.924033,4.084033,4.3240333,2.7640333,5.404033,6.044033,5.7640333,4.8040333,2.9340332,-2.6259668,0.3940332,0.46403322,0.2640332,0.1040332,0.17403321,-0.21596679,-0.045966797,-0.1159668,0.2840332,-0.1159668,0.3440332,0.2640332,0.3240332,0.2140332,0.5240332,0.4440332,0.3540332,-0.7159668,-0.5759668,-1.3059669,0.5640332,-0.005966797,0.5040332,1.3240333,0.3240332,4.7240334,2.6240332,2.9640331,2.0840333,1.6240332,0.8740332,2.8740332,5.9740334,7.134033,5.004033,3.9040332,3.1740332,2.5840333,1.9940332,1.2740332,-1.9359668,-3.505967,-4.6059666,-4.895967,-5.5859666,-5.7159667,-4.535967,-2.9859667,-3.1959667
5.544033,5.0740333,3.0740333,3.1740332,4.314033,4.0340333,4.384033,3.6740332,2.4340332,1.6940331,0.4140332,-0.6159668,-0.4359668,-0.7559668,-0.5159668,0.0340332,-0.8559668,-0.5559668,0.2440332,0.2740332,-0.1259668,-0.3359668,-0.5059668,0.3940332,0.4240332,0.3240332,0.7040332,1.0440332,0.9740332,-0.2359668,-0.3959668,-0.025966797,0.7340332,0.2940332,-0.3059668,-1.0859668,0.6240332,4.614033,0.3540332,0.2340332,3.1840332,4.814033,5.754033,4.7640333,1.5740333,2.4640331,3.1040332,4.4140334,4.504033,3.3240333,1.6040332,-2.015967,-2.745967,-4.305967,-5.3359666,-4.3359666,-4.035967,-3.0459669,-2.015967
6.1640334,4.7440333,4.5940332,4.064033,3.0540333,2.5140333,1.0540332,0.5240332,0.1940332,0.3240332,0.3140332,0.4140332,0.1540332,-0.015966797,0.3740332,0.7140332,0.4540332,-0.4459668,-1.0659668,-0.6159668,-0.3659668,-0.09596679,-0.1959668,-0.005966797,0.4140332,0.4540332,0.4240332,0.49403322,1.1440332,1.1440332,0.0040332032,-1.9659668,-0.4259668,-1.0059668,-2.1859667,-1.4259667,4.584033,-0.7659668,2.0140333,3.1740332,3.0340333,3.744033,4.4140334,1.5940332,1.5740333,2.724033,3.9140332,4.484033,3.8140333,3.1640332,2.6640332,1.8640332,2.0340333,-1.3459668,-1.7559668,-2.4659667,-1.7059668,-1.7159668,-2.5659668
5.084033,5.2040334,4.334033,4.044033,2.724033,2.8940332,1.3940332,-1.3359668,1.6740332,1.5940332,-0.1759668,0.084033206,0.8340332,0.7740332,0.7340332,0.1840332,0.2640332,-0.2759668,-0.3259668,-0.7959668,-0.8559668,-0.21596679,0.4740332,0.9040332,1.2440332,1.3440332,2.3240333,0.3840332,0.7240332,0.3740332,-0.4059668,0.7940332,-0.0559668,0.2340332,0.8940332,-0.8759668,3.474033,1.7440332,5.5340333,5.884033,4.114033,3.6940331,2.0940332,0.9040332,4.0740333,4.4940333,4.3240333,3.8840332,3.8340333,3.3340333,2.5740333,2.1840332,2.3640332,0.9340332,-0.3459668,-1.2959667,-2.3659668,-2.4859667,-2.8959668
5.584033,4.8940334,4.5140333,4.484033,4.254033,4.464033,4.5340333,2.6640332,3.0640333,3.8940332,0.6740332,-0.1659668,0.3540332,0.4240332,-0.6759668,-0.4859668,-0.4459668,-0.1059668,-0.9359668,-0.6659668,-0.045966797,0.014033203,0.3640332,-0.4159668,1.2040333,0.7440332,-0.005966797,1.2840332,0.5140332,0.3940332,-0.0359668,-0.0759668,-1.6459668,8.284033,0.0040332032,-1.1759667,-0.7659668,0.60403323,-0.6359668,5.484033,5.504033,4.234033,1.6240332,4.624033,3.8240333,4.464033,3.3540332,3.6640332,2.5740333,2.224033,2.8240333,2.004033,1.2740332,1.1040332,-0.2959668,-1.0059668,-0.5159668,-0.9359668,-0.9659668
3.0640333,4.124033,4.124033,4.1440334,5.374033,4.7240334,4.854033,3.7840333,3.9440331,1.3440332,2.0240333,0.5640332,0.084033206,-0.4259668,-0.1959668,-0.25596678,-0.2059668,-0.3859668,-0.18596679,-0.1459668,-0.5859668,-0.1259668,-0.0559668,-0.2359668,-0.5659668,-0.9859668,0.5040332,-0.1559668,0.2940332,0.2740332,0.5940332,0.044033203,-2.5859668,-2.9659667,-0.89596677,-0.4359668,0.7740332,0.094033204,2.8140333,5.5340333,4.9740334,2.5240333,3.7940333,5.234033,5.404033,4.714033,4.5540333,5.7240334,3.974033,3.8940332,3.5640333,2.9640331,1.2240332,1.0640332,0.7440332,0.3640332,-1.2359668,-2.8459668,-1.3059669
5.134033,5.044033,5.024033,5.0140333,4.504033,4.084033,4.9340334,5.2840333,6.294033,3.504033,1.7440332,1.0940332,-0.3359668,0.5640332,-0.2259668,1.1040332,-0.4459668,-0.1959668,0.5040332,-0.3059668,-0.25596678,-0.1359668,0.084033206,-0.1259668,-1.0959668,-1.5659668,-2.1159668,-1.2059668,-0.3459668,-1.1659667,-0.4259668,-0.3959668,-0.9759668,-3.1059668,-0.8259668,-0.015966797,-1.3359668,0.7540332,2.0640333,4.464033,3.0940332,2.9340332,6.0940332,6.564033,5.4940333,6.624033,7.254033,6.584033,4.9540334,5.084033,4.964033,4.274033,4.124033,3.234033,2.234033,2.3040333,3.4240332,1.7640332,0.3840332
5.774033,6.214033,6.194033,6.1640334,6.104033,5.834033,5.944033,6.104033,6.364033,5.6440334,2.744033,-0.4259668,-1.0859668,-0.4359668,0.2040332,0.014033203,0.6240332,-0.1759668,0.1040332,0.6540332,-0.045966797,-0.3359668,-0.4959668,-0.9459668,-1.6959668,-2.0359669,-1.8859668,0.4140332,-0.8359668,0.2840332,-0.2259668,-1.2559668,-1.8259668,-1.6559668,-2.1159668,0.0640332,2.8340333,3.0340333,0.124033205,4.5340333,2.3340333,5.1640334,4.874033,6.234033,6.384033,4.7840333,4.114033,4.424033,5.564033,4.9140334,5.114033,4.9540334,5.4540334,6.3440332,5.624033,4.104033,3.0440333,2.5140333,1.3640332
6.6440334,6.154033,6.2240334,5.8940334,5.114033,6.0140333,5.4940333,5.964033,5.404033,4.754033,3.8840332,1.7340332,0.17403321,-1.2559668,-0.8759668,-0.9159668,-0.28596678,0.17403321,-0.8259668,-0.3359668,-0.3359668,-0.4159668,-0.8559668,-0.5059668,-0.9559668,-1.5559669,-2.1459668,-1.3459668,-2.1159668,-0.9759668,-1.6859668,-0.2259668,-0.9659668,-1.0859668,-0.8659668,0.46403322,2.3340333,2.0940332,0.3240332,1.8040332,4.924033,4.7640333,4.714033,3.7940333,3.6640332,4.0140333,4.004033,4.2840333,4.354033,4.614033,4.9340334,5.384033,5.754033,5.7440333,5.214033,3.754033,1.2940332,2.5840333,5.3040333
6.234033,6.504033,5.694033,5.544033,6.024033,5.9740334,5.8040333,5.174033,6.124033,5.624033,5.464033,4.6840334,1.2940332,-0.2359668,0.3440332,-0.1559668,-0.4559668,0.43403322,0.2240332,-0.1659668,-0.5659668,0.2140332,0.8740332,-0.5759668,-0.6659668,-0.9459668,-1.1659667,-1.2659668,-1.0659668,-0.4459668,-0.89596677,-2.4659667,-0.2759668,-0.1059668,1.5640332,0.7440332,-1.6459668,0.6240332,2.0640333,1.6240332,4.064033,3.6140332,2.6140332,2.234033,2.7840333,3.1340332,3.2740333,3.3040333,3.974033,4.9940333,6.654033,5.3440332,6.1640334,6.614033,5.214033,4.134033,3.4640331,4.1640334,2.2140331
5.464033,6.1840334,6.3040333,6.3440332,6.134033,7.044033,6.234033,6.1440334,4.884033,4.2640333,3.9440331,3.5140333,3.5340333,0.6140332,1.1140332,-0.1359668,0.3240332,0.14403321,-0.5659668,-0.4559668,1.5540332,0.5640332,-0.18596679,-0.6859668,-0.4859668,-0.1559668,-1.2359668,-2.0459669,-1.4359668,-0.6359668,0.2340332,0.4840332,0.3340332,1.5440332,1.8740332,0.7440332,-1.0259668,0.3940332,0.1540332,1.9440331,2.2740333,1.1740332,1.2840332,2.1940331,2.9340332,3.5140333,2.9140332,3.1940331,4.4740334,5.7240334,6.564033,7.234033,7.0740333,6.104033,5.624033,4.694033,3.0940332,3.3140333,3.5940332
5.334033,5.364033,5.334033,5.464033,5.674033,5.8440332,5.384033,4.9540334,4.7040334,3.7140331,4.1440334,4.0540333,3.8740332,1.5940332,1.4140332,0.5340332,0.3340332,-0.5759668,-0.6059668,0.5040332,-0.31596678,-2.2059667,-3.0559669,-1.8359668,-1.2359668,-0.7959668,-0.5559668,-1.5359668,-0.5759668,0.1940332,-2.4859667,1.8940332,-0.4359668,0.4740332,-1.0059668,-1.2559668,0.4440332,-1.8259668,-0.8559668,0.7140332,1.2640332,1.1040332,1.3740332,2.1940331,1.0940332,2.2140331,2.6240332,3.3940332,4.9740334,5.944033,6.214033,7.1440334,9.114033,6.9340334,5.104033,4.374033,3.3540332,2.5540333,3.5740333
4.3440332,4.794033,4.814033,4.5140333,4.134033,3.8040333,3.1540332,3.6440332,3.5540333,3.224033,3.484033,3.3140333,3.474033,3.244033,0.5140332,0.2740332,0.7340332,-0.0559668,-0.9159668,0.5640332,0.3040332,-1.5259668,-1.0259668,-0.4659668,-0.6759668,-0.6059668,-1.0159668,-0.5559668,-0.4359668,-0.6759668,-0.5359668,-1.0159668,4.6840334,-0.2359668,1.5840333,1.1240332,0.7940332,-0.8659668,0.044033203,0.3940332,0.3340332,-0.015966797,1.9640332,1.6440332,2.8140333,2.4340332,2.7140331,4.044033,5.114033,5.084033,6.3440332,7.464033,7.4340334,8.394033,7.2240334,5.124033,4.7640333,3.3940332,4.674033
2.7840333,2.3040333,2.5440333,2.3640332,2.5240333,2.5740333,2.994033,3.494033,3.6140332,3.5440333,2.7640333,2.984033,3.734033,4.2840333,0.2640332,0.9340332,0.7440332,0.6940332,0.9840332,-0.4259668,0.17403321,0.5840332,-0.1459668,1.0040332,0.1940332,-0.5959668,0.4140332,-0.0559668,1.3440332,-2.8759668,1.0940332,1.3740332,0.7540332,-0.005966797,1.6940331,1.7240332,-2.1759667,-1.2359668,-0.6059668,0.5640332,0.0040332032,1.2240332,0.4540332,1.6140332,2.6940331,2.4340332,2.6440332,3.4540331,5.0340333,5.504033,6.734033,7.064033,7.064033,7.7240334,6.9740334,6.964033,5.9540334,5.964033,5.1640334
3.474033,3.2840333,3.0940332,3.1440332,2.7140331,3.254033,3.8140333,4.2840333,4.9940333,4.8940334,5.2440333,3.7040331,2.754033,3.1740332,1.6840332,-0.2759668,0.7540332,-0.4259668,-0.2259668,0.5640332,0.3140332,0.7940332,1.1940331,0.1840332,0.8040332,0.8440332,0.7240332,0.5540332,0.4140332,0.8240332,0.46403322,-0.7559668,0.2440332,-0.7959668,-1.0359668,-1.4259667,-0.9159668,-2.3559668,-1.4459668,-0.3059668,-0.2259668,-0.1159668,0.0640332,0.9040332,2.0340333,2.5840333,2.9640331,4.624033,5.754033,6.714033,6.7040334,6.9340334,7.114033,7.3940334,6.634033,5.614033,5.5340333,5.5140333,5.5340333
3.1140332,3.6440332,3.8240333,3.6640332,4.2240334,4.124033,3.9440331,3.4240332,4.4340334,4.584033,4.484033,4.044033,3.4040332,2.8840332,1.0440332,0.3240332,0.4840332,0.4040332,0.0040332032,-0.9559668,-0.0659668,1.5940332,0.2940332,0.7240332,0.9040332,1.5340332,1.1940331,1.1140332,0.3340332,0.14403321,-0.21596679,-0.2659668,2.6840332,-0.0359668,-1.3859668,-0.5359668,-2.995967,-2.0459669,-1.9759668,-0.25596678,-0.045966797,-2.015967,-0.9159668,-0.1359668,0.1040332,-0.1659668,1.8040332,4.0140333,5.634033,6.884033,7.2640333,7.2440333,7.4540334,7.374033,7.2440333,6.524033,5.424033,5.0140333,4.614033
3.3740332,3.4240332,4.234033,4.4540334,4.364033,4.364033,4.2240334,4.2440333,4.0140333,4.674033,5.404033,6.0740333,5.634033,4.374033,0.3740332,0.8840332,0.9840332,-0.4959668,-1.1459668,-0.0759668,0.7140332,2.8740332,1.8340333,1.9640332,0.3440332,1.0640332,0.3340332,1.8940332,2.0140333,1.4040332,0.7240332,1.0040332,-0.3559668,0.024033204,-0.1059668,-0.4659668,0.5140332,-2.005967,-2.3759668,-0.2359668,-0.9559668,-2.745967,-0.9659668,-1.9059668,-2.1559668,-0.8259668,0.5940332,1.4940332,2.1040332,5.614033,6.884033,6.794033,6.614033,6.5540333,6.924033,6.5740333,5.5340333,5.3440332,4.0140333
3.3740332,3.6240332,3.7640333,4.5340333,5.3940334,5.614033,5.944033,5.5940332,5.354033,5.3440332,6.334033,5.384033,6.404033,0.084033206,-0.6259668,-0.3059668,-0.4859668,-0.6859668,-0.8459668,-0.1159668,-0.6959668,-1.2059668,-0.9959668,-0.3259668,0.3440332,-0.25596678,0.8240332,-0.2359668,-0.7259668,1.4140332,0.9940332,-1.0959668,-0.3759668,-0.6259668,-0.4759668,-1.5059668,-0.8259668,-0.24596679,-1.0159668,-1.1059668,-1.3059669,-2.7859669,-2.4159667,-1.9059668,-0.89596677,0.2740332,1.5740333,1.8940332,-0.9859668,1.1040332,7.694033,5.6440334,6.1440334,5.834033,6.6440334,7.084033,3.494033,3.0340333,3.1040332
